package,capacity_bracket,bond_mm,native_length_mm,pattern,environment,href_W_m2K,contact_G_W_K,bond_R_K_W,chip_C_J_K,native_C_J_K,t90_own_s,t90_pan_s,underread200_C,finite5C_s_ramp_underread_at200_C,geometry_status,physical_result
M222,half_envelope_assumption,0.075,1,Uniform,nominal,1000,0.035772149,7.177506036,0.006781320,0.000248186,3.2700,4.0500,4.540311,13.931840,PARAMETRIC_NOT_CAD_RELEASED,NOT_RUN
M222,envelope_proxy,0.075,1,Uniform,nominal,1000,0.035772149,7.177506036,0.013562640,0.000248186,4.1700,5.0500,4.540311,15.869162,PARAMETRIC_NOT_CAD_RELEASED,NOT_RUN
IST308,substrate_only_lower_proxy,0.075,1,Uniform,nominal,1000,0.035772149,14.444730897,0.001872000,0.000139605,2.8100,3.5800,4.602148,12.930288,PARAMETRIC_NOT_CAD_RELEASED,NOT_RUN
IST308,envelope_proxy,0.075,1,Uniform,nominal,1000,0.035772149,14.444730897,0.004492800,0.000139605,3.2300,4.0300,4.602148,13.968726,PARAMETRIC_NOT_CAD_RELEASED,NOT_RUN
IST161_GEOMETRY_ONLY,substrate_only_lower_proxy,0.075,1,Uniform,nominal,1000,0.035772149,18.055913621,0.001497600,0.000248186,2.9300,3.7800,4.876520,13.504574,PARAMETRIC_NOT_CAD_RELEASED,NOT_RUN
IST161_GEOMETRY_ONLY,envelope_proxy,0.075,1,Uniform,nominal,1000,0.035772149,18.055913621,0.003594240,0.000248186,3.2900,4.1600,4.876520,14.410305,PARAMETRIC_NOT_CAD_RELEASED,NOT_RUN
M222,half_envelope_assumption,0.1,1,Uniform,nominal,1000,0.035772149,9.570008048,0.006781320,0.000248186,3.3600,4.1500,4.572950,14.173629,PARAMETRIC_NOT_CAD_RELEASED,NOT_RUN
M222,envelope_proxy,0.1,1,Uniform,nominal,1000,0.035772149,9.570008048,0.013562640,0.000248186,4.2900,5.1900,4.572950,16.187477,PARAMETRIC_NOT_CAD_RELEASED,NOT_RUN
IST308,substrate_only_lower_proxy,0.1,1,Uniform,nominal,1000,0.035772149,19.259641196,0.001872000,0.000139605,2.9000,3.7000,4.657808,13.224184,PARAMETRIC_NOT_CAD_RELEASED,NOT_RUN
IST308,envelope_proxy,0.1,1,Uniform,nominal,1000,0.035772149,19.259641196,0.004492800,0.000139605,3.3500,4.1700,4.657808,14.316760,PARAMETRIC_NOT_CAD_RELEASED,NOT_RUN
IST161_GEOMETRY_ONLY,substrate_only_lower_proxy,0.1,1,Uniform,nominal,1000,0.035772149,24.074551495,0.001497600,0.000248186,3.0300,3.9100,4.956601,13.862265,PARAMETRIC_NOT_CAD_RELEASED,NOT_RUN
IST161_GEOMETRY_ONLY,envelope_proxy,0.1,1,Uniform,nominal,1000,0.035772149,24.074551495,0.003594240,0.000248186,3.4200,4.3200,4.956601,14.818352,PARAMETRIC_NOT_CAD_RELEASED,NOT_RUN
M222,half_envelope_assumption,0.15,1,Uniform,nominal,1000,0.035772149,14.355012071,0.006781320,0.000248186,3.5300,4.3600,4.637996,14.662085,PARAMETRIC_NOT_CAD_RELEASED,NOT_RUN
M222,envelope_proxy,0.15,1,Uniform,nominal,1000,0.035772149,14.355012071,0.013562640,0.000248186,4.5300,5.4800,4.637996,16.823365,PARAMETRIC_NOT_CAD_RELEASED,NOT_RUN
IST308,substrate_only_lower_proxy,0.15,1,Uniform,nominal,1000,0.035772149,28.889461794,0.001872000,0.000139605,3.0900,3.9300,4.766489,13.822419,PARAMETRIC_NOT_CAD_RELEASED,NOT_RUN
IST308,envelope_proxy,0.15,1,Uniform,nominal,1000,0.035772149,28.889461794,0.004492800,0.000139605,3.5800,4.4500,4.766489,15.019390,PARAMETRIC_NOT_CAD_RELEASED,NOT_RUN
IST161_GEOMETRY_ONLY,substrate_only_lower_proxy,0.15,1,Uniform,nominal,1000,0.035772149,36.111827242,0.001497600,0.000248186,3.2500,4.1900,5.110996,14.582668,PARAMETRIC_NOT_CAD_RELEASED,NOT_RUN
IST161_GEOMETRY_ONLY,envelope_proxy,0.15,1,Uniform,nominal,1000,0.035772149,36.111827242,0.003594240,0.000248186,3.6800,4.6500,5.110996,15.634943,PARAMETRIC_NOT_CAD_RELEASED,NOT_RUN
M222,half_envelope_assumption,0.075,1,Uniform,nominal,2000,0.067099321,7.177506036,0.006781320,0.000248186,1.8900,2.0900,2.440587,8.017699,PARAMETRIC_NOT_CAD_RELEASED,NOT_RUN
M222,envelope_proxy,0.075,1,Uniform,nominal,2000,0.067099321,7.177506036,0.013562640,0.000248186,2.5800,2.8100,2.440587,9.485082,PARAMETRIC_NOT_CAD_RELEASED,NOT_RUN
IST308,substrate_only_lower_proxy,0.075,1,Uniform,nominal,2000,0.067099321,14.444730897,0.001872000,0.000139605,1.5600,1.7700,2.519603,7.385670,PARAMETRIC_NOT_CAD_RELEASED,NOT_RUN
IST308,envelope_proxy,0.075,1,Uniform,nominal,2000,0.067099321,14.444730897,0.004492800,0.000139605,1.9300,2.1400,2.519603,8.222094,PARAMETRIC_NOT_CAD_RELEASED,NOT_RUN
IST161_GEOMETRY_ONLY,substrate_only_lower_proxy,0.075,1,Uniform,nominal,2000,0.067099321,18.055913621,0.001497600,0.000248186,1.7200,1.9700,2.778183,7.951516,PARAMETRIC_NOT_CAD_RELEASED,NOT_RUN
IST161_GEOMETRY_ONLY,envelope_proxy,0.075,1,Uniform,nominal,2000,0.067099321,18.055913621,0.003594240,0.000248186,2.0200,2.2800,2.778183,8.696224,PARAMETRIC_NOT_CAD_RELEASED,NOT_RUN
M222,half_envelope_assumption,0.1,1,Uniform,nominal,2000,0.067099321,9.570008048,0.006781320,0.000248186,1.9700,2.1800,2.474231,8.239617,PARAMETRIC_NOT_CAD_RELEASED,NOT_RUN
M222,envelope_proxy,0.1,1,Uniform,nominal,2000,0.067099321,9.570008048,0.013562640,0.000248186,2.6900,2.9400,2.474231,9.784272,PARAMETRIC_NOT_CAD_RELEASED,NOT_RUN
IST308,substrate_only_lower_proxy,0.1,1,Uniform,nominal,2000,0.067099321,19.259641196,0.001872000,0.000139605,1.6500,1.8700,2.576108,7.657758,PARAMETRIC_NOT_CAD_RELEASED,NOT_RUN
IST308,envelope_proxy,0.1,1,Uniform,nominal,2000,0.067099321,19.259641196,0.004492800,0.000139605,2.0400,2.2700,2.576108,8.549764,PARAMETRIC_NOT_CAD_RELEASED,NOT_RUN
IST161_GEOMETRY_ONLY,substrate_only_lower_proxy,0.1,1,Uniform,nominal,2000,0.067099321,24.074551495,0.001497600,0.000248186,1.8200,2.0900,2.859571,8.289493,PARAMETRIC_NOT_CAD_RELEASED,NOT_RUN
IST161_GEOMETRY_ONLY,envelope_proxy,0.1,1,Uniform,nominal,2000,0.067099321,24.074551495,0.003594240,0.000248186,2.1500,2.4200,2.859571,9.086278,PARAMETRIC_NOT_CAD_RELEASED,NOT_RUN
M222,half_envelope_assumption,0.15,1,Uniform,nominal,2000,0.067099321,14.355012071,0.006781320,0.000248186,2.1300,2.3500,2.541049,8.688607,PARAMETRIC_NOT_CAD_RELEASED,NOT_RUN
M222,envelope_proxy,0.15,1,Uniform,nominal,2000,0.067099321,14.355012071,0.013562640,0.000248186,2.9200,3.1900,2.541049,10.382918,PARAMETRIC_NOT_CAD_RELEASED,NOT_RUN
IST308,substrate_only_lower_proxy,0.15,1,Uniform,nominal,2000,0.067099321,28.889461794,0.001872000,0.000139605,1.8300,2.0700,2.686433,8.213041,PARAMETRIC_NOT_CAD_RELEASED,NOT_RUN
IST308,envelope_proxy,0.15,1,Uniform,nominal,2000,0.067099321,28.889461794,0.004492800,0.000139605,2.2700,2.5200,2.686433,9.212565,PARAMETRIC_NOT_CAD_RELEASED,NOT_RUN
IST161_GEOMETRY_ONLY,substrate_only_lower_proxy,0.15,1,Uniform,nominal,2000,0.067099321,36.111827242,0.001497600,0.000248186,2.0200,2.3200,3.016606,8.971464,PARAMETRIC_NOT_CAD_RELEASED,NOT_RUN
IST161_GEOMETRY_ONLY,envelope_proxy,0.15,1,Uniform,nominal,2000,0.067099321,36.111827242,0.003594240,0.000248186,2.4000,2.7100,3.016606,9.868016,PARAMETRIC_NOT_CAD_RELEASED,NOT_RUN
M222,half_envelope_assumption,0.075,1,Uniform,nominal,4000,0.119366411,7.177506036,0.006781320,0.000248186,1.2000,1.2700,1.407819,4.965324,PARAMETRIC_NOT_CAD_RELEASED,NOT_RUN
M222,envelope_proxy,0.075,1,Uniform,nominal,4000,0.119366411,7.177506036,0.013562640,0.000248186,1.7600,1.8500,1.407819,6.123299,PARAMETRIC_NOT_CAD_RELEASED,NOT_RUN
IST308,substrate_only_lower_proxy,0.075,1,Uniform,nominal,4000,0.119366411,14.444730897,0.001872000,0.000139605,0.9500,1.0200,1.499315,4.565223,PARAMETRIC_NOT_CAD_RELEASED,NOT_RUN
IST308,envelope_proxy,0.075,1,Uniform,nominal,4000,0.119366411,14.444730897,0.004492800,0.000139605,1.2800,1.3600,1.499315,5.255313,PARAMETRIC_NOT_CAD_RELEASED,NOT_RUN
IST161_GEOMETRY_ONLY,substrate_only_lower_proxy,0.075,1,Uniform,nominal,4000,0.119366411,18.055913621,0.001497600,0.000248186,1.1000,1.2000,1.738004,5.102674,PARAMETRIC_NOT_CAD_RELEASED,NOT_RUN
IST161_GEOMETRY_ONLY,envelope_proxy,0.075,1,Uniform,nominal,4000,0.119366411,18.055913621,0.003594240,0.000248186,1.3800,1.4900,1.738004,5.728915,PARAMETRIC_NOT_CAD_RELEASED,NOT_RUN
M222,half_envelope_assumption,0.1,1,Uniform,nominal,4000,0.119366411,9.570008048,0.006781320,0.000248186,1.2800,1.3500,1.442073,5.173258,PARAMETRIC_NOT_CAD_RELEASED,NOT_RUN
M222,envelope_proxy,0.1,1,Uniform,nominal,4000,0.119366411,9.570008048,0.013562640,0.000248186,1.8700,1.9600,1.442073,6.408402,PARAMETRIC_NOT_CAD_RELEASED,NOT_RUN
IST308,substrate_only_lower_proxy,0.1,1,Uniform,nominal,4000,0.119366411,19.259641196,0.001872000,0.000139605,1.0300,1.1100,1.556122,4.820315,PARAMETRIC_NOT_CAD_RELEASED,NOT_RUN
IST308,envelope_proxy,0.1,1,Uniform,nominal,4000,0.119366411,19.259641196,0.004492800,0.000139605,1.3900,1.4700,1.556122,5.566845,PARAMETRIC_NOT_CAD_RELEASED,NOT_RUN
IST161_GEOMETRY_ONLY,substrate_only_lower_proxy,0.1,1,Uniform,nominal,4000,0.119366411,24.074551495,0.001497600,0.000248186,1.2000,1.3100,1.819985,5.424746,PARAMETRIC_NOT_CAD_RELEASED,NOT_RUN
IST161_GEOMETRY_ONLY,envelope_proxy,0.1,1,Uniform,nominal,4000,0.119366411,24.074551495,0.003594240,0.000248186,1.5000,1.6200,1.819985,6.104254,PARAMETRIC_NOT_CAD_RELEASED,NOT_RUN
M222,half_envelope_assumption,0.15,1,Uniform,nominal,4000,0.119366411,14.355012071,0.006781320,0.000248186,1.4300,1.5100,1.509924,5.594648,PARAMETRIC_NOT_CAD_RELEASED,NOT_RUN
M222,envelope_proxy,0.15,1,Uniform,nominal,4000,0.119366411,14.355012071,0.013562640,0.000248186,2.0900,2.1900,1.509924,6.980064,PARAMETRIC_NOT_CAD_RELEASED,NOT_RUN
IST308,substrate_only_lower_proxy,0.15,1,Uniform,nominal,4000,0.119366411,28.889461794,0.001872000,0.000139605,1.2100,1.3000,1.667090,5.342349,PARAMETRIC_NOT_CAD_RELEASED,NOT_RUN
IST308,envelope_proxy,0.15,1,Uniform,nominal,4000,0.119366411,28.889461794,0.004492800,0.000139605,1.6100,1.7100,1.667090,6.198430,PARAMETRIC_NOT_CAD_RELEASED,NOT_RUN
IST161_GEOMETRY_ONLY,substrate_only_lower_proxy,0.15,1,Uniform,nominal,4000,0.119366411,36.111827242,0.001497600,0.000248186,1.4100,1.5400,1.978359,6.076140,PARAMETRIC_NOT_CAD_RELEASED,NOT_RUN
IST161_GEOMETRY_ONLY,envelope_proxy,0.15,1,Uniform,nominal,4000,0.119366411,36.111827242,0.003594240,0.000248186,1.7500,1.9000,1.978359,6.858020,PARAMETRIC_NOT_CAD_RELEASED,NOT_RUN
M222,half_envelope_assumption,0.075,1,Uniform,high_loss,1000,0.035772149,7.177506036,0.006781320,0.000248186,3.1500,5.3000,8.708477,18.497143,PARAMETRIC_NOT_CAD_RELEASED,NOT_RUN
M222,envelope_proxy,0.075,1,Uniform,high_loss,1000,0.035772149,7.177506036,0.013562640,0.000248186,4.0300,6.3600,8.708477,20.349131,PARAMETRIC_NOT_CAD_RELEASED,NOT_RUN
IST308,substrate_only_lower_proxy,0.075,1,Uniform,high_loss,1000,0.035772149,14.444730897,0.001872000,0.000139605,2.6800,4.8300,8.767792,17.522483,PARAMETRIC_NOT_CAD_RELEASED,NOT_RUN
IST308,envelope_proxy,0.075,1,Uniform,high_loss,1000,0.035772149,14.444730897,0.004492800,0.000139605,3.1000,5.2700,8.767792,18.518259,PARAMETRIC_NOT_CAD_RELEASED,NOT_RUN
IST161_GEOMETRY_ONLY,substrate_only_lower_proxy,0.075,1,Uniform,high_loss,1000,0.035772149,18.055913621,0.001497600,0.000248186,2.8000,5.2200,9.269611,18.332047,PARAMETRIC_NOT_CAD_RELEASED,NOT_RUN
IST161_GEOMETRY_ONLY,envelope_proxy,0.075,1,Uniform,high_loss,1000,0.035772149,18.055913621,0.003594240,0.000248186,3.1600,5.6100,9.269611,19.198433,PARAMETRIC_NOT_CAD_RELEASED,NOT_RUN
M222,half_envelope_assumption,0.1,1,Uniform,high_loss,1000,0.035772149,9.570008048,0.006781320,0.000248186,3.2400,5.4300,8.765933,18.756019,PARAMETRIC_NOT_CAD_RELEASED,NOT_RUN
M222,envelope_proxy,0.1,1,Uniform,high_loss,1000,0.035772149,9.570008048,0.013562640,0.000248186,4.1500,6.5300,8.765933,20.681379,PARAMETRIC_NOT_CAD_RELEASED,NOT_RUN
IST308,substrate_only_lower_proxy,0.1,1,Uniform,high_loss,1000,0.035772149,19.259641196,0.001872000,0.000139605,2.7700,4.9800,8.867615,17.853115,PARAMETRIC_NOT_CAD_RELEASED,NOT_RUN
IST308,envelope_proxy,0.1,1,Uniform,high_loss,1000,0.035772149,19.259641196,0.004492800,0.000139605,3.2200,5.4500,8.867615,18.900703,PARAMETRIC_NOT_CAD_RELEASED,NOT_RUN
IST161_GEOMETRY_ONLY,substrate_only_lower_proxy,0.1,1,Uniform,high_loss,1000,0.035772149,24.074551495,0.001497600,0.000248186,2.9000,5.4300,9.413914,18.745746,PARAMETRIC_NOT_CAD_RELEASED,NOT_RUN
IST161_GEOMETRY_ONLY,envelope_proxy,0.1,1,Uniform,high_loss,1000,0.035772149,24.074551495,0.003594240,0.000248186,3.2800,5.8500,9.413914,19.659990,PARAMETRIC_NOT_CAD_RELEASED,NOT_RUN
M222,half_envelope_assumption,0.15,1,Uniform,high_loss,1000,0.035772149,14.355012071,0.006781320,0.000248186,3.4000,5.6900,8.881151,19.279014,PARAMETRIC_NOT_CAD_RELEASED,NOT_RUN
M222,envelope_proxy,0.15,1,Uniform,high_loss,1000,0.035772149,14.355012071,0.013562640,0.000248186,4.3900,6.8900,8.881151,21.345569,PARAMETRIC_NOT_CAD_RELEASED,NOT_RUN
IST308,substrate_only_lower_proxy,0.15,1,Uniform,high_loss,1000,0.035772149,28.889461794,0.001872000,0.000139605,2.9500,5.3000,9.062840,18.522272,PARAMETRIC_NOT_CAD_RELEASED,NOT_RUN
IST308,envelope_proxy,0.15,1,Uniform,high_loss,1000,0.035772149,28.889461794,0.004492800,0.000139605,3.4400,5.8300,9.062840,19.669626,PARAMETRIC_NOT_CAD_RELEASED,NOT_RUN
IST161_GEOMETRY_ONLY,substrate_only_lower_proxy,0.15,1,Uniform,high_loss,1000,0.035772149,36.111827242,0.001497600,0.000248186,3.1000,5.8700,9.692336,19.572616,PARAMETRIC_NOT_CAD_RELEASED,NOT_RUN
IST161_GEOMETRY_ONLY,envelope_proxy,0.15,1,Uniform,high_loss,1000,0.035772149,36.111827242,0.003594240,0.000248186,3.5200,6.3400,9.692336,20.578083,PARAMETRIC_NOT_CAD_RELEASED,NOT_RUN
M222,half_envelope_assumption,0.075,1,Uniform,high_loss,2000,0.067099321,7.177506036,0.006781320,0.000248186,1.8500,2.2800,4.630350,10.497064,PARAMETRIC_NOT_CAD_RELEASED,NOT_RUN
M222,envelope_proxy,0.075,1,Uniform,high_loss,2000,0.067099321,7.177506036,0.013562640,0.000248186,2.5300,3.0300,4.630350,11.932200,PARAMETRIC_NOT_CAD_RELEASED,NOT_RUN
IST308,substrate_only_lower_proxy,0.075,1,Uniform,high_loss,2000,0.067099321,14.444730897,0.001872000,0.000139605,1.5100,1.9600,4.740271,9.900012,PARAMETRIC_NOT_CAD_RELEASED,NOT_RUN
IST308,envelope_proxy,0.075,1,Uniform,high_loss,2000,0.067099321,14.444730897,0.004492800,0.000139605,1.8800,2.3400,4.740271,10.718830,PARAMETRIC_NOT_CAD_RELEASED,NOT_RUN
IST161_GEOMETRY_ONLY,substrate_only_lower_proxy,0.075,1,Uniform,high_loss,2000,0.067099321,18.055913621,0.001497600,0.000248186,1.6600,2.2000,5.217355,10.697514,PARAMETRIC_NOT_CAD_RELEASED,NOT_RUN
IST161_GEOMETRY_ONLY,envelope_proxy,0.075,1,Uniform,high_loss,2000,0.067099321,18.055913621,0.003594240,0.000248186,1.9600,2.5100,5.217355,11.424784,PARAMETRIC_NOT_CAD_RELEASED,NOT_RUN
M222,half_envelope_assumption,0.1,1,Uniform,high_loss,2000,0.067099321,9.570008048,0.006781320,0.000248186,1.9200,2.3700,4.690971,10.743415,PARAMETRIC_NOT_CAD_RELEASED,NOT_RUN
M222,envelope_proxy,0.1,1,Uniform,high_loss,2000,0.067099321,9.570008048,0.013562640,0.000248186,2.6400,3.1600,4.690971,12.253969,PARAMETRIC_NOT_CAD_RELEASED,NOT_RUN
IST308,substrate_only_lower_proxy,0.1,1,Uniform,high_loss,2000,0.067099321,19.259641196,0.001872000,0.000139605,1.6000,2.0700,4.843034,10.216641,PARAMETRIC_NOT_CAD_RELEASED,NOT_RUN
IST308,envelope_proxy,0.1,1,Uniform,high_loss,2000,0.067099321,19.259641196,0.004492800,0.000139605,1.9900,2.4700,4.843034,11.089615,PARAMETRIC_NOT_CAD_RELEASED,NOT_RUN
IST161_GEOMETRY_ONLY,substrate_only_lower_proxy,0.1,1,Uniform,high_loss,2000,0.067099321,24.074551495,0.001497600,0.000248186,1.7500,2.3300,5.365936,11.101284,PARAMETRIC_NOT_CAD_RELEASED,NOT_RUN
IST161_GEOMETRY_ONLY,envelope_proxy,0.1,1,Uniform,high_loss,2000,0.067099321,24.074551495,0.003594240,0.000248186,2.0800,2.6700,5.365936,11.878999,PARAMETRIC_NOT_CAD_RELEASED,NOT_RUN
M222,half_envelope_assumption,0.15,1,Uniform,high_loss,2000,0.067099321,14.355012071,0.006781320,0.000248186,2.0800,2.5600,4.811799,11.241154,PARAMETRIC_NOT_CAD_RELEASED,NOT_RUN
M222,envelope_proxy,0.15,1,Uniform,high_loss,2000,0.067099321,14.355012071,0.013562640,0.000248186,2.8600,3.4300,4.811799,12.897629,PARAMETRIC_NOT_CAD_RELEASED,NOT_RUN
IST308,substrate_only_lower_proxy,0.15,1,Uniform,high_loss,2000,0.067099321,28.889461794,0.001872000,0.000139605,1.7700,2.2900,5.043849,10.858350,PARAMETRIC_NOT_CAD_RELEASED,NOT_RUN
IST308,envelope_proxy,0.15,1,Uniform,high_loss,2000,0.067099321,28.889461794,0.004492800,0.000139605,2.2100,2.7500,5.043849,11.835944,PARAMETRIC_NOT_CAD_RELEASED,NOT_RUN
IST161_GEOMETRY_ONLY,substrate_only_lower_proxy,0.15,1,Uniform,high_loss,2000,0.067099321,36.111827242,0.001497600,0.000248186,1.9500,2.6000,5.652688,11.909112,PARAMETRIC_NOT_CAD_RELEASED,NOT_RUN
IST161_GEOMETRY_ONLY,envelope_proxy,0.15,1,Uniform,high_loss,2000,0.067099321,36.111827242,0.003594240,0.000248186,2.3300,2.9900,5.652688,12.783270,PARAMETRIC_NOT_CAD_RELEASED,NOT_RUN
M222,half_envelope_assumption,0.075,1,Uniform,high_loss,4000,0.119366411,7.177506036,0.006781320,0.000248186,1.1800,1.3200,2.616354,6.347483,PARAMETRIC_NOT_CAD_RELEASED,NOT_RUN
M222,envelope_proxy,0.075,1,Uniform,high_loss,4000,0.119366411,7.177506036,0.013562640,0.000248186,1.7400,1.9100,2.616354,7.491635,PARAMETRIC_NOT_CAD_RELEASED,NOT_RUN
IST308,substrate_only_lower_proxy,0.075,1,Uniform,high_loss,4000,0.119366411,14.444730897,0.001872000,0.000139605,0.9200,1.0600,2.765402,6.006083,PARAMETRIC_NOT_CAD_RELEASED,NOT_RUN
IST308,envelope_proxy,0.075,1,Uniform,high_loss,4000,0.119366411,14.444730897,0.004492800,0.000139605,1.2500,1.4000,2.765402,6.687939,PARAMETRIC_NOT_CAD_RELEASED,NOT_RUN
IST161_GEOMETRY_ONLY,substrate_only_lower_proxy,0.075,1,Uniform,high_loss,4000,0.119366411,18.055913621,0.001497600,0.000248186,1.0600,1.2600,3.207165,6.761710,PARAMETRIC_NOT_CAD_RELEASED,NOT_RUN
IST161_GEOMETRY_ONLY,envelope_proxy,0.075,1,Uniform,high_loss,4000,0.119366411,18.055913621,0.003594240,0.000248186,1.3400,1.5500,3.207165,7.379103,PARAMETRIC_NOT_CAD_RELEASED,NOT_RUN
M222,half_envelope_assumption,0.1,1,Uniform,high_loss,4000,0.119366411,9.570008048,0.006781320,0.000248186,1.2600,1.4000,2.678824,6.583420,PARAMETRIC_NOT_CAD_RELEASED,NOT_RUN
M222,envelope_proxy,0.1,1,Uniform,high_loss,4000,0.119366411,9.570008048,0.013562640,0.000248186,1.8400,2.0200,2.678824,7.803582,PARAMETRIC_NOT_CAD_RELEASED,NOT_RUN
IST308,substrate_only_lower_proxy,0.1,1,Uniform,high_loss,4000,0.119366411,19.259641196,0.001872000,0.000139605,1.0000,1.1600,2.869213,6.308943,PARAMETRIC_NOT_CAD_RELEASED,NOT_RUN
IST308,envelope_proxy,0.1,1,Uniform,high_loss,4000,0.119366411,19.259641196,0.004492800,0.000139605,1.3600,1.5200,2.869213,7.046298,PARAMETRIC_NOT_CAD_RELEASED,NOT_RUN
IST161_GEOMETRY_ONLY,substrate_only_lower_proxy,0.1,1,Uniform,high_loss,4000,0.119366411,24.074551495,0.001497600,0.000248186,1.1600,1.3800,3.357431,7.153735,PARAMETRIC_NOT_CAD_RELEASED,NOT_RUN
IST161_GEOMETRY_ONLY,envelope_proxy,0.1,1,Uniform,high_loss,4000,0.119366411,24.074551495,0.003594240,0.000248186,1.4600,1.6900,3.357431,7.823242,PARAMETRIC_NOT_CAD_RELEASED,NOT_RUN
M222,half_envelope_assumption,0.15,1,Uniform,high_loss,4000,0.119366411,14.355012071,0.006781320,0.000248186,1.4000,1.5600,2.802751,7.060240,PARAMETRIC_NOT_CAD_RELEASED,NOT_RUN
M222,envelope_proxy,0.15,1,Uniform,high_loss,4000,0.119366411,14.355012071,0.013562640,0.000248186,2.0600,2.2600,2.802751,8.428282,PARAMETRIC_NOT_CAD_RELEASED,NOT_RUN
IST308,substrate_only_lower_proxy,0.15,1,Uniform,high_loss,4000,0.119366411,28.889461794,0.001872000,0.000139605,1.1700,1.3600,3.072041,6.923803,PARAMETRIC_NOT_CAD_RELEASED,NOT_RUN
IST308,envelope_proxy,0.15,1,Uniform,high_loss,4000,0.119366411,28.889461794,0.004492800,0.000139605,1.5700,1.7700,3.072041,7.768738,PARAMETRIC_NOT_CAD_RELEASED,NOT_RUN
IST161_GEOMETRY_ONLY,substrate_only_lower_proxy,0.15,1,Uniform,high_loss,4000,0.119366411,36.111827242,0.001497600,0.000248186,1.3600,1.6300,3.647667,7.939310,PARAMETRIC_NOT_CAD_RELEASED,NOT_RUN
IST161_GEOMETRY_ONLY,envelope_proxy,0.15,1,Uniform,high_loss,4000,0.119366411,36.111827242,0.003594240,0.000248186,1.7100,1.9800,3.647667,8.708771,PARAMETRIC_NOT_CAD_RELEASED,NOT_RUN
M222,half_envelope_assumption,0.075,1,Center,nominal,1000,0.027723869,7.177506036,0.006781320,0.000248186,3.7800,5.1600,5.452985,15.792287,PARAMETRIC_NOT_CAD_RELEASED,NOT_RUN
M222,envelope_proxy,0.075,1,Center,nominal,1000,0.027723869,7.177506036,0.013562640,0.000248186,4.5600,6.0300,5.452985,17.542663,PARAMETRIC_NOT_CAD_RELEASED,NOT_RUN
IST308,substrate_only_lower_proxy,0.075,1,Center,nominal,1000,0.027723869,14.444730897,0.001872000,0.000139605,3.2700,4.5400,5.309639,14.358951,PARAMETRIC_NOT_CAD_RELEASED,NOT_RUN
IST308,envelope_proxy,0.075,1,Center,nominal,1000,0.027723869,14.444730897,0.004492800,0.000139605,3.6200,4.9100,5.309639,15.285389,PARAMETRIC_NOT_CAD_RELEASED,NOT_RUN
IST161_GEOMETRY_ONLY,substrate_only_lower_proxy,0.075,1,Center,nominal,1000,0.027723869,18.055913621,0.001497600,0.000248186,3.3900,4.7500,5.569317,14.918647,PARAMETRIC_NOT_CAD_RELEASED,NOT_RUN
IST161_GEOMETRY_ONLY,envelope_proxy,0.075,1,Center,nominal,1000,0.027723869,18.055913621,0.003594240,0.000248186,3.6900,5.0700,5.569317,15.734211,PARAMETRIC_NOT_CAD_RELEASED,NOT_RUN
M222,half_envelope_assumption,0.1,1,Center,nominal,1000,0.027723869,9.570008048,0.006781320,0.000248186,3.8600,5.2600,5.485475,16.021002,PARAMETRIC_NOT_CAD_RELEASED,NOT_RUN
M222,envelope_proxy,0.1,1,Center,nominal,1000,0.027723869,9.570008048,0.013562640,0.000248186,4.6700,6.1700,5.485475,17.846043,PARAMETRIC_NOT_CAD_RELEASED,NOT_RUN
IST308,substrate_only_lower_proxy,0.1,1,Center,nominal,1000,0.027723869,19.259641196,0.001872000,0.000139605,3.3600,4.6600,5.374704,14.660859,PARAMETRIC_NOT_CAD_RELEASED,NOT_RUN
IST308,envelope_proxy,0.1,1,Center,nominal,1000,0.027723869,19.259641196,0.004492800,0.000139605,3.7300,5.0500,5.374704,15.641811,PARAMETRIC_NOT_CAD_RELEASED,NOT_RUN
IST161_GEOMETRY_ONLY,substrate_only_lower_proxy,0.1,1,Center,nominal,1000,0.027723869,24.074551495,0.001497600,0.000248186,3.5000,4.9000,5.665450,15.300917,PARAMETRIC_NOT_CAD_RELEASED,NOT_RUN
IST161_GEOMETRY_ONLY,envelope_proxy,0.1,1,Center,nominal,1000,0.027723869,24.074551495,0.003594240,0.000248186,3.8200,5.2500,5.665450,16.167706,PARAMETRIC_NOT_CAD_RELEASED,NOT_RUN
M222,half_envelope_assumption,0.15,1,Center,nominal,1000,0.027723869,14.355012071,0.006781320,0.000248186,4.0100,5.4600,5.553757,16.493632,PARAMETRIC_NOT_CAD_RELEASED,NOT_RUN
M222,envelope_proxy,0.15,1,Center,nominal,1000,0.027723869,14.355012071,0.013562640,0.000248186,4.9000,6.4500,5.553757,18.463876,PARAMETRIC_NOT_CAD_RELEASED,NOT_RUN
IST308,substrate_only_lower_proxy,0.15,1,Center,nominal,1000,0.027723869,28.889461794,0.001872000,0.000139605,3.5400,4.9100,5.503856,15.280007,PARAMETRIC_NOT_CAD_RELEASED,NOT_RUN
IST308,envelope_proxy,0.15,1,Center,nominal,1000,0.027723869,28.889461794,0.004492800,0.000139605,3.9600,5.3500,5.503856,16.366471,PARAMETRIC_NOT_CAD_RELEASED,NOT_RUN
IST161_GEOMETRY_ONLY,substrate_only_lower_proxy,0.15,1,Center,nominal,1000,0.027723869,36.111827242,0.001497600,0.000248186,3.7100,5.2300,5.853005,16.074163,PARAMETRIC_NOT_CAD_RELEASED,NOT_RUN
IST161_GEOMETRY_ONLY,envelope_proxy,0.15,1,Center,nominal,1000,0.027723869,36.111827242,0.003594240,0.000248186,4.0700,5.6200,5.853005,17.039109,PARAMETRIC_NOT_CAD_RELEASED,NOT_RUN
M222,half_envelope_assumption,0.075,1,Center,nominal,2000,0.051482995,7.177506036,0.006781320,0.000248186,2.0000,2.3100,2.845840,8.697224,PARAMETRIC_NOT_CAD_RELEASED,NOT_RUN
M222,envelope_proxy,0.075,1,Center,nominal,2000,0.051482995,7.177506036,0.013562640,0.000248186,2.5500,2.8800,2.845840,9.951717,PARAMETRIC_NOT_CAD_RELEASED,NOT_RUN
IST308,substrate_only_lower_proxy,0.075,1,Center,nominal,2000,0.051482995,14.444730897,0.001872000,0.000139605,1.6900,1.9900,2.763857,7.765601,PARAMETRIC_NOT_CAD_RELEASED,NOT_RUN
IST308,envelope_proxy,0.075,1,Center,nominal,2000,0.051482995,14.444730897,0.004492800,0.000139605,1.9500,2.2500,2.763857,8.483232,PARAMETRIC_NOT_CAD_RELEASED,NOT_RUN
IST161_GEOMETRY_ONLY,substrate_only_lower_proxy,0.075,1,Center,nominal,2000,0.051482995,18.055913621,0.001497600,0.000248186,1.8500,2.1900,3.013062,8.327698,PARAMETRIC_NOT_CAD_RELEASED,NOT_RUN
IST161_GEOMETRY_ONLY,envelope_proxy,0.075,1,Center,nominal,2000,0.051482995,18.055913621,0.003594240,0.000248186,2.0800,2.4300,3.013062,8.975833,PARAMETRIC_NOT_CAD_RELEASED,NOT_RUN
M222,half_envelope_assumption,0.1,1,Center,nominal,2000,0.051482995,9.570008048,0.006781320,0.000248186,2.0700,2.3900,2.881016,8.910213,PARAMETRIC_NOT_CAD_RELEASED,NOT_RUN
M222,envelope_proxy,0.1,1,Center,nominal,2000,0.051482995,9.570008048,0.013562640,0.000248186,2.6600,3.0000,2.881016,10.240862,PARAMETRIC_NOT_CAD_RELEASED,NOT_RUN
IST308,substrate_only_lower_proxy,0.1,1,Center,nominal,2000,0.051482995,19.259641196,0.001872000,0.000139605,1.7700,2.0800,2.830345,8.047050,PARAMETRIC_NOT_CAD_RELEASED,NOT_RUN
IST308,envelope_proxy,0.1,1,Center,nominal,2000,0.051482995,19.259641196,0.004492800,0.000139605,2.0600,2.3700,2.830345,8.820782,PARAMETRIC_NOT_CAD_RELEASED,NOT_RUN
IST161_GEOMETRY_ONLY,substrate_only_lower_proxy,0.1,1,Center,nominal,2000,0.051482995,24.074551495,0.001497600,0.000248186,1.9500,2.3200,3.110689,8.690774,PARAMETRIC_NOT_CAD_RELEASED,NOT_RUN
IST161_GEOMETRY_ONLY,envelope_proxy,0.1,1,Center,nominal,2000,0.051482995,24.074551495,0.003594240,0.000248186,2.2000,2.5700,3.110689,9.391953,PARAMETRIC_NOT_CAD_RELEASED,NOT_RUN
M222,half_envelope_assumption,0.15,1,Center,nominal,2000,0.051482995,14.355012071,0.006781320,0.000248186,2.2200,2.5500,2.953638,9.349526,PARAMETRIC_NOT_CAD_RELEASED,NOT_RUN
M222,envelope_proxy,0.15,1,Center,nominal,2000,0.051482995,14.355012071,0.013562640,0.000248186,2.8800,3.2400,2.953638,10.828821,PARAMETRIC_NOT_CAD_RELEASED,NOT_RUN
IST308,substrate_only_lower_proxy,0.15,1,Center,nominal,2000,0.051482995,28.889461794,0.001872000,0.000139605,1.9400,2.2800,2.961767,8.624629,PARAMETRIC_NOT_CAD_RELEASED,NOT_RUN
IST308,envelope_proxy,0.15,1,Center,nominal,2000,0.051482995,28.889461794,0.004492800,0.000139605,2.2800,2.6300,2.961767,9.507276,PARAMETRIC_NOT_CAD_RELEASED,NOT_RUN
IST161_GEOMETRY_ONLY,substrate_only_lower_proxy,0.15,1,Center,nominal,2000,0.051482995,36.111827242,0.001497600,0.000248186,2.1500,2.5600,3.300809,9.425503,PARAMETRIC_NOT_CAD_RELEASED,NOT_RUN
IST161_GEOMETRY_ONLY,envelope_proxy,0.15,1,Center,nominal,2000,0.051482995,36.111827242,0.003594240,0.000248186,2.4600,2.8600,3.300809,10.228627,PARAMETRIC_NOT_CAD_RELEASED,NOT_RUN
M222,half_envelope_assumption,0.075,1,Center,nominal,4000,0.090083325,7.177506036,0.006781320,0.000248186,1.1500,1.2400,1.566010,5.092945,PARAMETRIC_NOT_CAD_RELEASED,NOT_RUN
M222,envelope_proxy,0.075,1,Center,nominal,4000,0.090083325,7.177506036,0.013562640,0.000248186,1.6100,1.7100,1.566010,6.060907,PARAMETRIC_NOT_CAD_RELEASED,NOT_RUN
IST308,substrate_only_lower_proxy,0.075,1,Center,nominal,4000,0.090083325,14.444730897,0.001872000,0.000139605,0.9000,1.0000,1.545457,4.506725,PARAMETRIC_NOT_CAD_RELEASED,NOT_RUN
IST308,envelope_proxy,0.075,1,Center,nominal,4000,0.090083325,14.444730897,0.004492800,0.000139605,1.1700,1.2600,1.545457,5.091016,PARAMETRIC_NOT_CAD_RELEASED,NOT_RUN
IST161_GEOMETRY_ONLY,substrate_only_lower_proxy,0.075,1,Center,nominal,4000,0.090083325,18.055913621,0.001497600,0.000248186,1.0800,1.2100,1.780589,5.050948,PARAMETRIC_NOT_CAD_RELEASED,NOT_RUN
IST161_GEOMETRY_ONLY,envelope_proxy,0.075,1,Center,nominal,4000,0.090083325,18.055913621,0.003594240,0.000248186,1.3000,1.4200,1.780589,5.589917,PARAMETRIC_NOT_CAD_RELEASED,NOT_RUN
M222,half_envelope_assumption,0.1,1,Center,nominal,4000,0.090083325,9.570008048,0.006781320,0.000248186,1.2200,1.3200,1.603309,5.297798,PARAMETRIC_NOT_CAD_RELEASED,NOT_RUN
M222,envelope_proxy,0.1,1,Center,nominal,4000,0.090083325,9.570008048,0.013562640,0.000248186,1.7100,1.8200,1.603309,6.342319,PARAMETRIC_NOT_CAD_RELEASED,NOT_RUN
IST308,substrate_only_lower_proxy,0.1,1,Center,nominal,4000,0.090083325,19.259641196,0.001872000,0.000139605,0.9900,1.0900,1.612314,4.773372,PARAMETRIC_NOT_CAD_RELEASED,NOT_RUN
IST308,envelope_proxy,0.1,1,Center,nominal,4000,0.090083325,19.259641196,0.004492800,0.000139605,1.2800,1.3800,1.612314,5.414588,PARAMETRIC_NOT_CAD_RELEASED,NOT_RUN
IST161_GEOMETRY_ONLY,substrate_only_lower_proxy,0.1,1,Center,nominal,4000,0.090083325,24.074551495,0.001497600,0.000248186,1.1800,1.3300,1.878269,5.398700,PARAMETRIC_NOT_CAD_RELEASED,NOT_RUN
IST161_GEOMETRY_ONLY,envelope_proxy,0.1,1,Center,nominal,4000,0.090083325,24.074551495,0.003594240,0.000248186,1.4300,1.5600,1.878269,5.991798,PARAMETRIC_NOT_CAD_RELEASED,NOT_RUN
M222,half_envelope_assumption,0.15,1,Center,nominal,4000,0.090083325,14.355012071,0.006781320,0.000248186,1.3700,1.4700,1.679092,5.718674,PARAMETRIC_NOT_CAD_RELEASED,NOT_RUN
M222,envelope_proxy,0.15,1,Center,nominal,4000,0.090083325,14.355012071,0.013562640,0.000248186,1.9300,2.0500,1.679092,6.913162,PARAMETRIC_NOT_CAD_RELEASED,NOT_RUN
IST308,substrate_only_lower_proxy,0.15,1,Center,nominal,4000,0.090083325,28.889461794,0.001872000,0.000139605,1.1600,1.2800,1.743995,5.320701,PARAMETRIC_NOT_CAD_RELEASED,NOT_RUN
IST308,envelope_proxy,0.15,1,Center,nominal,4000,0.090083325,28.889461794,0.004492800,0.000139605,1.5000,1.6200,1.743995,6.072764,PARAMETRIC_NOT_CAD_RELEASED,NOT_RUN
IST161_GEOMETRY_ONLY,substrate_only_lower_proxy,0.15,1,Center,nominal,4000,0.090083325,36.111827242,0.001497600,0.000248186,1.3900,1.5600,2.068235,6.102835,PARAMETRIC_NOT_CAD_RELEASED,NOT_RUN
IST161_GEOMETRY_ONLY,envelope_proxy,0.15,1,Center,nominal,4000,0.090083325,36.111827242,0.003594240,0.000248186,1.6800,1.8500,2.068235,6.800276,PARAMETRIC_NOT_CAD_RELEASED,NOT_RUN
M222,half_envelope_assumption,0.075,1,Center,high_loss,1000,0.027723869,7.177506036,0.006781320,0.000248186,3.5200,8.3900,10.503772,21.077942,PARAMETRIC_NOT_CAD_RELEASED,NOT_RUN
M222,envelope_proxy,0.075,1,Center,high_loss,1000,0.027723869,7.177506036,0.013562640,0.000248186,4.2800,9.2600,10.503772,22.728385,PARAMETRIC_NOT_CAD_RELEASED,NOT_RUN
IST308,substrate_only_lower_proxy,0.075,1,Center,high_loss,1000,0.027723869,14.444730897,0.001872000,0.000139605,3.0100,7.1700,10.157366,19.470090,PARAMETRIC_NOT_CAD_RELEASED,NOT_RUN
IST308,envelope_proxy,0.075,1,Center,high_loss,1000,0.027723869,14.444730897,0.004492800,0.000139605,3.3600,7.5300,10.157366,20.350552,PARAMETRIC_NOT_CAD_RELEASED,NOT_RUN
IST161_GEOMETRY_ONLY,substrate_only_lower_proxy,0.075,1,Center,high_loss,1000,0.027723869,18.055913621,0.001497600,0.000248186,3.1300,7.9400,10.634466,20.254631,PARAMETRIC_NOT_CAD_RELEASED,NOT_RUN
IST161_GEOMETRY_ONLY,envelope_proxy,0.075,1,Center,high_loss,1000,0.027723869,18.055913621,0.003594240,0.000248186,3.4200,8.2600,10.634466,21.028211,PARAMETRIC_NOT_CAD_RELEASED,NOT_RUN
M222,half_envelope_assumption,0.1,1,Center,high_loss,1000,0.027723869,9.570008048,0.006781320,0.000248186,3.5900,8.5600,10.560026,21.320618,PARAMETRIC_NOT_CAD_RELEASED,NOT_RUN
M222,envelope_proxy,0.1,1,Center,high_loss,1000,0.027723869,9.570008048,0.013562640,0.000248186,4.3900,9.4700,10.560026,23.042255,PARAMETRIC_NOT_CAD_RELEASED,NOT_RUN
IST308,substrate_only_lower_proxy,0.1,1,Center,high_loss,1000,0.027723869,19.259641196,0.001872000,0.000139605,3.1000,7.4200,10.273933,19.814236,PARAMETRIC_NOT_CAD_RELEASED,NOT_RUN
IST308,envelope_proxy,0.1,1,Center,high_loss,1000,0.027723869,19.259641196,0.004492800,0.000139605,3.4600,7.8000,10.273933,20.746572,PARAMETRIC_NOT_CAD_RELEASED,NOT_RUN
IST161_GEOMETRY_ONLY,substrate_only_lower_proxy,0.1,1,Center,high_loss,1000,0.027723869,24.074551495,0.001497600,0.000248186,3.2300,8.3700,10.807808,20.703682,PARAMETRIC_NOT_CAD_RELEASED,NOT_RUN
IST161_GEOMETRY_ONLY,envelope_proxy,0.1,1,Center,high_loss,1000,0.027723869,24.074551495,0.003594240,0.000248186,3.5400,8.7000,10.807808,21.525635,PARAMETRIC_NOT_CAD_RELEASED,NOT_RUN
M222,half_envelope_assumption,0.15,1,Center,high_loss,1000,0.027723869,14.355012071,0.006781320,0.000248186,3.7400,8.9300,10.679714,21.824923,PARAMETRIC_NOT_CAD_RELEASED,NOT_RUN
M222,envelope_proxy,0.15,1,Center,high_loss,1000,0.027723869,14.355012071,0.013562640,0.000248186,4.6100,9.9200,10.679714,23.684775,PARAMETRIC_NOT_CAD_RELEASED,NOT_RUN
IST308,substrate_only_lower_proxy,0.15,1,Center,high_loss,1000,0.027723869,28.889461794,0.001872000,0.000139605,3.2700,7.9600,10.505872,20.516808,PARAMETRIC_NOT_CAD_RELEASED,NOT_RUN
IST308,envelope_proxy,0.15,1,Center,high_loss,1000,0.027723869,28.889461794,0.004492800,0.000139605,3.6800,8.3900,10.505872,21.549359,PARAMETRIC_NOT_CAD_RELEASED,NOT_RUN
IST161_GEOMETRY_ONLY,substrate_only_lower_proxy,0.15,1,Center,high_loss,1000,0.027723869,36.111827242,0.001497600,0.000248186,3.4300,9.3300,11.146378,21.605846,PARAMETRIC_NOT_CAD_RELEASED,NOT_RUN
IST161_GEOMETRY_ONLY,envelope_proxy,0.15,1,Center,high_loss,1000,0.027723869,36.111827242,0.003594240,0.000248186,3.7900,9.7000,11.146378,22.520245,PARAMETRIC_NOT_CAD_RELEASED,NOT_RUN
M222,half_envelope_assumption,0.075,1,Center,high_loss,2000,0.051482995,7.177506036,0.006781320,0.000248186,1.9100,2.6200,5.537931,11.652329,PARAMETRIC_NOT_CAD_RELEASED,NOT_RUN
M222,envelope_proxy,0.075,1,Center,high_loss,2000,0.051482995,7.177506036,0.013562640,0.000248186,2.4600,3.2100,5.537931,12.871912,PARAMETRIC_NOT_CAD_RELEASED,NOT_RUN
IST308,substrate_only_lower_proxy,0.075,1,Center,high_loss,2000,0.051482995,14.444730897,0.001872000,0.000139605,1.5800,2.2500,5.320549,10.573108,PARAMETRIC_NOT_CAD_RELEASED,NOT_RUN
IST308,envelope_proxy,0.075,1,Center,high_loss,2000,0.051482995,14.444730897,0.004492800,0.000139605,1.8500,2.5100,5.320549,11.273416,PARAMETRIC_NOT_CAD_RELEASED,NOT_RUN
IST161_GEOMETRY_ONLY,substrate_only_lower_proxy,0.075,1,Center,high_loss,2000,0.051482995,18.055913621,0.001497600,0.000248186,1.7300,2.5100,5.782717,11.360182,PARAMETRIC_NOT_CAD_RELEASED,NOT_RUN
IST161_GEOMETRY_ONLY,envelope_proxy,0.075,1,Center,high_loss,2000,0.051482995,18.055913621,0.003594240,0.000248186,1.9700,2.7400,5.782717,11.991281,PARAMETRIC_NOT_CAD_RELEASED,NOT_RUN
M222,half_envelope_assumption,0.1,1,Center,high_loss,2000,0.051482995,9.570008048,0.006781320,0.000248186,1.9700,2.7100,5.600992,11.889689,PARAMETRIC_NOT_CAD_RELEASED,NOT_RUN
M222,envelope_proxy,0.1,1,Center,high_loss,2000,0.051482995,9.570008048,0.013562640,0.000248186,2.5600,3.3400,5.600992,13.183386,PARAMETRIC_NOT_CAD_RELEASED,NOT_RUN
IST308,substrate_only_lower_proxy,0.1,1,Center,high_loss,2000,0.051482995,19.259641196,0.001872000,0.000139605,1.6600,2.3600,5.442193,10.907547,PARAMETRIC_NOT_CAD_RELEASED,NOT_RUN
IST308,envelope_proxy,0.1,1,Center,high_loss,2000,0.051482995,19.259641196,0.004492800,0.000139605,1.9600,2.6500,5.442193,11.662381,PARAMETRIC_NOT_CAD_RELEASED,NOT_RUN
IST161_GEOMETRY_ONLY,substrate_only_lower_proxy,0.1,1,Center,high_loss,2000,0.051482995,24.074551495,0.001497600,0.000248186,1.8300,2.6600,5.962287,11.803478,PARAMETRIC_NOT_CAD_RELEASED,NOT_RUN
IST161_GEOMETRY_ONLY,envelope_proxy,0.1,1,Center,high_loss,2000,0.051482995,24.074551495,0.003594240,0.000248186,2.0900,2.9100,5.962287,12.485815,PARAMETRIC_NOT_CAD_RELEASED,NOT_RUN
M222,half_envelope_assumption,0.15,1,Center,high_loss,2000,0.051482995,14.355012071,0.006781320,0.000248186,2.1200,2.8900,5.732177,12.380560,PARAMETRIC_NOT_CAD_RELEASED,NOT_RUN
M222,envelope_proxy,0.15,1,Center,high_loss,2000,0.051482995,14.355012071,0.013562640,0.000248186,2.7800,3.6000,5.732177,13.818724,PARAMETRIC_NOT_CAD_RELEASED,NOT_RUN
IST308,substrate_only_lower_proxy,0.15,1,Center,high_loss,2000,0.051482995,28.889461794,0.001872000,0.000139605,1.8200,2.5900,5.683002,11.589589,PARAMETRIC_NOT_CAD_RELEASED,NOT_RUN
IST308,envelope_proxy,0.15,1,Center,high_loss,2000,0.051482995,28.889461794,0.004492800,0.000139605,2.1700,2.9400,5.683002,12.450100,PARAMETRIC_NOT_CAD_RELEASED,NOT_RUN
IST161_GEOMETRY_ONLY,substrate_only_lower_proxy,0.15,1,Center,high_loss,2000,0.051482995,36.111827242,0.001497600,0.000248186,2.0300,2.9500,6.312202,12.693457,PARAMETRIC_NOT_CAD_RELEASED,NOT_RUN
IST161_GEOMETRY_ONLY,envelope_proxy,0.15,1,Center,high_loss,2000,0.051482995,36.111827242,0.003594240,0.000248186,2.3300,3.2600,6.312202,13.474020,PARAMETRIC_NOT_CAD_RELEASED,NOT_RUN
M222,half_envelope_assumption,0.075,1,Center,high_loss,4000,0.090083325,7.177506036,0.006781320,0.000248186,1.1100,1.2900,3.037073,6.742960,PARAMETRIC_NOT_CAD_RELEASED,NOT_RUN
M222,envelope_proxy,0.075,1,Center,high_loss,4000,0.090083325,7.177506036,0.013562640,0.000248186,1.5700,1.7700,3.037073,7.697173,PARAMETRIC_NOT_CAD_RELEASED,NOT_RUN
IST308,substrate_only_lower_proxy,0.075,1,Center,high_loss,4000,0.090083325,14.444730897,0.001872000,0.000139605,0.8500,1.0400,2.953088,6.077166,PARAMETRIC_NOT_CAD_RELEASED,NOT_RUN
IST308,envelope_proxy,0.075,1,Center,high_loss,4000,0.090083325,14.444730897,0.004492800,0.000139605,1.1200,1.3000,2.953088,6.654013,PARAMETRIC_NOT_CAD_RELEASED,NOT_RUN
IST161_GEOMETRY_ONLY,substrate_only_lower_proxy,0.075,1,Center,high_loss,4000,0.090083325,18.055913621,0.001497600,0.000248186,1.0100,1.2700,3.391764,6.839423,PARAMETRIC_NOT_CAD_RELEASED,NOT_RUN
IST161_GEOMETRY_ONLY,envelope_proxy,0.075,1,Center,high_loss,4000,0.090083325,18.055913621,0.003594240,0.000248186,1.2400,1.4900,3.391764,7.370380,PARAMETRIC_NOT_CAD_RELEASED,NOT_RUN
M222,half_envelope_assumption,0.1,1,Center,high_loss,4000,0.090083325,9.570008048,0.006781320,0.000248186,1.1800,1.3700,3.105305,6.978198,PARAMETRIC_NOT_CAD_RELEASED,NOT_RUN
M222,envelope_proxy,0.1,1,Center,high_loss,4000,0.090083325,9.570008048,0.013562640,0.000248186,1.6700,1.8900,3.105305,8.007718,PARAMETRIC_NOT_CAD_RELEASED,NOT_RUN
IST308,substrate_only_lower_proxy,0.1,1,Center,high_loss,4000,0.090083325,19.259641196,0.001872000,0.000139605,0.9300,1.1400,3.076657,6.401553,PARAMETRIC_NOT_CAD_RELEASED,NOT_RUN
IST308,envelope_proxy,0.1,1,Center,high_loss,4000,0.090083325,19.259641196,0.004492800,0.000139605,1.2300,1.4300,3.076657,7.034326,PARAMETRIC_NOT_CAD_RELEASED,NOT_RUN
IST161_GEOMETRY_ONLY,substrate_only_lower_proxy,0.1,1,Center,high_loss,4000,0.090083325,24.074551495,0.001497600,0.000248186,1.1100,1.4000,3.573079,7.273132,PARAMETRIC_NOT_CAD_RELEASED,NOT_RUN
IST161_GEOMETRY_ONLY,envelope_proxy,0.1,1,Center,high_loss,4000,0.090083325,24.074551495,0.003594240,0.000248186,1.3600,1.6400,3.573079,7.856991,PARAMETRIC_NOT_CAD_RELEASED,NOT_RUN
M222,half_envelope_assumption,0.15,1,Center,high_loss,4000,0.090083325,14.355012071,0.006781320,0.000248186,1.3200,1.5400,3.244531,7.461403,PARAMETRIC_NOT_CAD_RELEASED,NOT_RUN
M222,envelope_proxy,0.15,1,Center,high_loss,4000,0.090083325,14.355012071,0.013562640,0.000248186,1.8800,2.1300,3.244531,8.638270,PARAMETRIC_NOT_CAD_RELEASED,NOT_RUN
IST308,substrate_only_lower_proxy,0.15,1,Center,high_loss,4000,0.090083325,28.889461794,0.001872000,0.000139605,1.1000,1.3400,3.320221,7.062298,PARAMETRIC_NOT_CAD_RELEASED,NOT_RUN
IST308,envelope_proxy,0.15,1,Center,high_loss,4000,0.090083325,28.889461794,0.004492800,0.000139605,1.4500,1.6800,3.320221,7.803797,PARAMETRIC_NOT_CAD_RELEASED,NOT_RUN
IST161_GEOMETRY_ONLY,substrate_only_lower_proxy,0.15,1,Center,high_loss,4000,0.090083325,36.111827242,0.001497600,0.000248186,1.3200,1.6600,3.925746,8.143552,PARAMETRIC_NOT_CAD_RELEASED,NOT_RUN
IST161_GEOMETRY_ONLY,envelope_proxy,0.15,1,Center,high_loss,4000,0.090083325,36.111827242,0.003594240,0.000248186,1.6100,1.9500,3.925746,8.829140,PARAMETRIC_NOT_CAD_RELEASED,NOT_RUN
M222,half_envelope_assumption,0.075,1,Rim,nominal,1000,0.027586495,7.177506036,0.006781320,0.000248186,6.1600,10.2700,8.393547,25.124678,PARAMETRIC_NOT_CAD_RELEASED,NOT_RUN
M222,envelope_proxy,0.075,1,Rim,nominal,1000,0.027586495,7.177506036,0.013562640,0.000248186,7.7200,12.2200,8.393547,28.251529,PARAMETRIC_NOT_CAD_RELEASED,NOT_RUN
IST308,substrate_only_lower_proxy,0.075,1,Rim,nominal,1000,0.027586495,14.444730897,0.001872000,0.000139605,5.3500,9.7800,8.695179,23.938748,PARAMETRIC_NOT_CAD_RELEASED,NOT_RUN
IST308,envelope_proxy,0.075,1,Rim,nominal,1000,0.027586495,14.444730897,0.004492800,0.000139605,6.0600,10.5800,8.695179,25.505764,PARAMETRIC_NOT_CAD_RELEASED,NOT_RUN
IST161_GEOMETRY_ONLY,substrate_only_lower_proxy,0.075,1,Rim,nominal,1000,0.027586495,18.055913621,0.001497600,0.000248186,5.4200,10.3000,8.997705,24.487458,PARAMETRIC_NOT_CAD_RELEASED,NOT_RUN
IST161_GEOMETRY_ONLY,envelope_proxy,0.075,1,Rim,nominal,1000,0.027586495,18.055913621,0.003594240,0.000248186,6.0100,10.9700,8.997705,25.809712,PARAMETRIC_NOT_CAD_RELEASED,NOT_RUN
M222,half_envelope_assumption,0.1,1,Rim,nominal,1000,0.027586495,9.570008048,0.006781320,0.000248186,6.2800,10.4600,8.431000,25.439691,PARAMETRIC_NOT_CAD_RELEASED,NOT_RUN
M222,envelope_proxy,0.1,1,Rim,nominal,1000,0.027586495,9.570008048,0.013562640,0.000248186,7.8800,12.4600,8.431000,28.643734,PARAMETRIC_NOT_CAD_RELEASED,NOT_RUN
IST308,substrate_only_lower_proxy,0.1,1,Rim,nominal,1000,0.027586495,19.259641196,0.001872000,0.000139605,5.4700,9.9800,8.742303,24.275562,PARAMETRIC_NOT_CAD_RELEASED,NOT_RUN
IST308,envelope_proxy,0.1,1,Rim,nominal,1000,0.027586495,19.259641196,0.004492800,0.000139605,6.2000,10.8100,8.742303,25.893078,PARAMETRIC_NOT_CAD_RELEASED,NOT_RUN
IST161_GEOMETRY_ONLY,substrate_only_lower_proxy,0.1,1,Rim,nominal,1000,0.027586495,24.074551495,0.001497600,0.000248186,5.5500,10.5500,9.061695,24.866341,PARAMETRIC_NOT_CAD_RELEASED,NOT_RUN
IST161_GEOMETRY_ONLY,envelope_proxy,0.1,1,Rim,nominal,1000,0.027586495,24.074551495,0.003594240,0.000248186,6.1700,11.2500,9.061695,26.234414,PARAMETRIC_NOT_CAD_RELEASED,NOT_RUN
M222,half_envelope_assumption,0.15,1,Rim,nominal,1000,0.027586495,14.355012071,0.006781320,0.000248186,6.5200,10.8400,8.500013,26.056962,PARAMETRIC_NOT_CAD_RELEASED,NOT_RUN
M222,envelope_proxy,0.15,1,Rim,nominal,1000,0.027586495,14.355012071,0.013562640,0.000248186,8.1900,12.9500,8.500013,29.406524,PARAMETRIC_NOT_CAD_RELEASED,NOT_RUN
IST308,substrate_only_lower_proxy,0.15,1,Rim,nominal,1000,0.027586495,28.889461794,0.001872000,0.000139605,5.7100,10.3800,8.831464,24.951226,PARAMETRIC_NOT_CAD_RELEASED,NOT_RUN
IST308,envelope_proxy,0.15,1,Rim,nominal,1000,0.027586495,28.889461794,0.004492800,0.000139605,6.4900,11.2800,8.831464,26.665195,PARAMETRIC_NOT_CAD_RELEASED,NOT_RUN
IST161_GEOMETRY_ONLY,substrate_only_lower_proxy,0.15,1,Rim,nominal,1000,0.027586495,36.111827242,0.001497600,0.000248186,5.8100,11.0500,9.182241,25.622172,PARAMETRIC_NOT_CAD_RELEASED,NOT_RUN
IST161_GEOMETRY_ONLY,envelope_proxy,0.15,1,Rim,nominal,1000,0.027586495,36.111827242,0.003594240,0.000248186,6.4700,11.8000,9.182241,27.077065,PARAMETRIC_NOT_CAD_RELEASED,NOT_RUN
M222,half_envelope_assumption,0.075,1,Rim,nominal,2000,0.051217230,7.177506036,0.006781320,0.000248186,4.3500,5.6200,5.703342,17.982280,PARAMETRIC_NOT_CAD_RELEASED,NOT_RUN
M222,envelope_proxy,0.075,1,Rim,nominal,2000,0.051217230,7.177506036,0.013562640,0.000248186,5.6700,7.1600,5.703342,20.711347,PARAMETRIC_NOT_CAD_RELEASED,NOT_RUN
IST308,substrate_only_lower_proxy,0.075,1,Rim,nominal,2000,0.051217230,14.444730897,0.001872000,0.000139605,3.7300,5.0500,6.014051,17.137718,PARAMETRIC_NOT_CAD_RELEASED,NOT_RUN
IST308,envelope_proxy,0.075,1,Rim,nominal,2000,0.051217230,14.444730897,0.004492800,0.000139605,4.3600,5.7500,6.014051,18.561239,PARAMETRIC_NOT_CAD_RELEASED,NOT_RUN
IST161_GEOMETRY_ONLY,substrate_only_lower_proxy,0.075,1,Rim,nominal,2000,0.051217230,18.055913621,0.001497600,0.000248186,3.8200,5.2600,6.321257,17.723044,PARAMETRIC_NOT_CAD_RELEASED,NOT_RUN
IST161_GEOMETRY_ONLY,envelope_proxy,0.075,1,Rim,nominal,2000,0.051217230,18.055913621,0.003594240,0.000248186,4.3500,5.8600,6.321257,18.933349,PARAMETRIC_NOT_CAD_RELEASED,NOT_RUN
M222,half_envelope_assumption,0.1,1,Rim,nominal,2000,0.051217230,9.570008048,0.006781320,0.000248186,4.4600,5.7700,5.741644,18.283153,PARAMETRIC_NOT_CAD_RELEASED,NOT_RUN
M222,envelope_proxy,0.1,1,Rim,nominal,2000,0.051217230,9.570008048,0.013562640,0.000248186,5.8200,7.3500,5.741644,21.092033,PARAMETRIC_NOT_CAD_RELEASED,NOT_RUN
IST308,substrate_only_lower_proxy,0.1,1,Rim,nominal,2000,0.051217230,19.259641196,0.001872000,0.000139605,3.8400,5.1900,6.062211,17.460912,PARAMETRIC_NOT_CAD_RELEASED,NOT_RUN
IST308,envelope_proxy,0.1,1,Rim,nominal,2000,0.051217230,19.259641196,0.004492800,0.000139605,4.4900,5.9200,6.062211,18.936499,PARAMETRIC_NOT_CAD_RELEASED,NOT_RUN
IST161_GEOMETRY_ONLY,substrate_only_lower_proxy,0.1,1,Rim,nominal,2000,0.051217230,24.074551495,0.001497600,0.000248186,3.9400,5.4300,6.386669,18.090059,PARAMETRIC_NOT_CAD_RELEASED,NOT_RUN
IST161_GEOMETRY_ONLY,envelope_proxy,0.1,1,Rim,nominal,2000,0.051217230,24.074551495,0.003594240,0.000248186,4.4900,6.0500,6.386669,19.347637,PARAMETRIC_NOT_CAD_RELEASED,NOT_RUN
M222,half_envelope_assumption,0.15,1,Rim,nominal,2000,0.051217230,14.355012071,0.006781320,0.000248186,4.6800,6.0400,5.812216,18.871635,PARAMETRIC_NOT_CAD_RELEASED,NOT_RUN
M222,envelope_proxy,0.15,1,Rim,nominal,2000,0.051217230,14.355012071,0.013562640,0.000248186,6.1100,7.7300,5.812216,21.830996,PARAMETRIC_NOT_CAD_RELEASED,NOT_RUN
IST308,substrate_only_lower_proxy,0.15,1,Rim,nominal,2000,0.051217230,28.889461794,0.001872000,0.000139605,4.0600,5.4800,6.153330,18.109341,PARAMETRIC_NOT_CAD_RELEASED,NOT_RUN
IST308,envelope_proxy,0.15,1,Rim,nominal,2000,0.051217230,28.889461794,0.004492800,0.000139605,4.7700,6.2700,6.153330,19.684380,PARAMETRIC_NOT_CAD_RELEASED,NOT_RUN
IST161_GEOMETRY_ONLY,substrate_only_lower_proxy,0.15,1,Rim,nominal,2000,0.051217230,36.111827242,0.001497600,0.000248186,4.1900,5.7500,6.509892,18.822020,PARAMETRIC_NOT_CAD_RELEASED,NOT_RUN
IST161_GEOMETRY_ONLY,envelope_proxy,0.15,1,Rim,nominal,2000,0.051217230,36.111827242,0.003594240,0.000248186,4.7800,6.4400,6.509892,20.169182,PARAMETRIC_NOT_CAD_RELEASED,NOT_RUN
M222,half_envelope_assumption,0.075,1,Rim,nominal,4000,0.089588009,7.177506036,0.006781320,0.000248186,3.5000,4.1500,4.309352,14.180597,PARAMETRIC_NOT_CAD_RELEASED,NOT_RUN
M222,envelope_proxy,0.075,1,Rim,nominal,4000,0.089588009,7.177506036,0.013562640,0.000248186,4.6800,5.4800,4.309352,16.687081,PARAMETRIC_NOT_CAD_RELEASED,NOT_RUN
IST308,substrate_only_lower_proxy,0.075,1,Rim,nominal,4000,0.089588009,14.444730897,0.001872000,0.000139605,2.9600,3.6500,4.624987,13.525806,PARAMETRIC_NOT_CAD_RELEASED,NOT_RUN
IST308,envelope_proxy,0.075,1,Rim,nominal,4000,0.089588009,14.444730897,0.004492800,0.000139605,3.5500,4.2900,4.624987,14.868817,PARAMETRIC_NOT_CAD_RELEASED,NOT_RUN
IST161_GEOMETRY_ONLY,substrate_only_lower_proxy,0.075,1,Rim,nominal,4000,0.089588009,18.055913621,0.001497600,0.000248186,3.0700,3.8300,4.934576,14.130853,PARAMETRIC_NOT_CAD_RELEASED,NOT_RUN
IST161_GEOMETRY_ONLY,envelope_proxy,0.075,1,Rim,nominal,4000,0.089588009,18.055913621,0.003594240,0.000248186,3.5700,4.3700,4.934576,15.278286,PARAMETRIC_NOT_CAD_RELEASED,NOT_RUN
M222,half_envelope_assumption,0.1,1,Rim,nominal,4000,0.089588009,9.570008048,0.006781320,0.000248186,3.6000,4.2800,4.348105,14.473414,PARAMETRIC_NOT_CAD_RELEASED,NOT_RUN
M222,envelope_proxy,0.1,1,Rim,nominal,4000,0.089588009,9.570008048,0.013562640,0.000248186,4.8300,5.6500,4.348105,17.061051,PARAMETRIC_NOT_CAD_RELEASED,NOT_RUN
IST308,substrate_only_lower_proxy,0.1,1,Rim,nominal,4000,0.089588009,19.259641196,0.001872000,0.000139605,3.0600,3.7700,4.673698,13.841233,PARAMETRIC_NOT_CAD_RELEASED,NOT_RUN
IST308,envelope_proxy,0.1,1,Rim,nominal,4000,0.089588009,19.259641196,0.004492800,0.000139605,3.6900,4.4500,4.673698,15.237122,PARAMETRIC_NOT_CAD_RELEASED,NOT_RUN
IST161_GEOMETRY_ONLY,substrate_only_lower_proxy,0.1,1,Rim,nominal,4000,0.089588009,24.074551495,0.001497600,0.000248186,3.1900,3.9800,5.000746,14.491050,PARAMETRIC_NOT_CAD_RELEASED,NOT_RUN
IST161_GEOMETRY_ONLY,envelope_proxy,0.1,1,Rim,nominal,4000,0.089588009,24.074551495,0.003594240,0.000248186,3.7100,4.5400,5.000746,15.686513,PARAMETRIC_NOT_CAD_RELEASED,NOT_RUN
M222,half_envelope_assumption,0.15,1,Rim,nominal,4000,0.089588009,14.355012071,0.006781320,0.000248186,3.8100,4.5200,4.419507,15.045509,PARAMETRIC_NOT_CAD_RELEASED,NOT_RUN
M222,envelope_proxy,0.15,1,Rim,nominal,4000,0.089588009,14.355012071,0.013562640,0.000248186,5.1100,5.9900,4.419507,17.786146,PARAMETRIC_NOT_CAD_RELEASED,NOT_RUN
IST308,substrate_only_lower_proxy,0.15,1,Rim,nominal,4000,0.089588009,28.889461794,0.001872000,0.000139605,3.2800,4.0300,4.765858,14.474123,PARAMETRIC_NOT_CAD_RELEASED,NOT_RUN
IST308,envelope_proxy,0.15,1,Rim,nominal,4000,0.089588009,28.889461794,0.004492800,0.000139605,3.9500,4.7600,4.765858,15.971017,PARAMETRIC_NOT_CAD_RELEASED,NOT_RUN
IST161_GEOMETRY_ONLY,substrate_only_lower_proxy,0.15,1,Rim,nominal,4000,0.089588009,36.111827242,0.001497600,0.000248186,3.4200,4.2700,5.125394,15.209292,PARAMETRIC_NOT_CAD_RELEASED,NOT_RUN
IST161_GEOMETRY_ONLY,envelope_proxy,0.15,1,Rim,nominal,4000,0.089588009,36.111827242,0.003594240,0.000248186,3.9900,4.8900,5.125394,16.495775,PARAMETRIC_NOT_CAD_RELEASED,NOT_RUN
M222,half_envelope_assumption,0.075,1,Rim,high_loss,1000,0.027586495,7.177506036,0.006781320,0.000248186,5.8000,NaN,15.794730,32.851687,PARAMETRIC_NOT_CAD_RELEASED,NOT_RUN
M222,envelope_proxy,0.075,1,Rim,high_loss,1000,0.027586495,7.177506036,0.013562640,0.000248186,7.2800,NaN,15.794730,35.723758,PARAMETRIC_NOT_CAD_RELEASED,NOT_RUN
IST308,substrate_only_lower_proxy,0.075,1,Rim,high_loss,1000,0.027586495,14.444730897,0.001872000,0.000139605,5.0200,NaN,16.294180,32.010355,PARAMETRIC_NOT_CAD_RELEASED,NOT_RUN
IST308,envelope_proxy,0.075,1,Rim,high_loss,1000,0.027586495,14.444730897,0.004492800,0.000139605,5.7000,NaN,16.294180,33.452891,PARAMETRIC_NOT_CAD_RELEASED,NOT_RUN
IST161_GEOMETRY_ONLY,substrate_only_lower_proxy,0.075,1,Rim,high_loss,1000,0.027586495,18.055913621,0.001497600,0.000248186,5.0800,NaN,16.832215,32.789566,PARAMETRIC_NOT_CAD_RELEASED,NOT_RUN
IST161_GEOMETRY_ONLY,envelope_proxy,0.075,1,Rim,high_loss,1000,0.027586495,18.055913621,0.003594240,0.000248186,5.6500,NaN,16.832215,34.003415,PARAMETRIC_NOT_CAD_RELEASED,NOT_RUN
M222,half_envelope_assumption,0.1,1,Rim,high_loss,1000,0.027586495,9.570008048,0.006781320,0.000248186,5.9100,NaN,15.859459,33.173704,PARAMETRIC_NOT_CAD_RELEASED,NOT_RUN
M222,envelope_proxy,0.1,1,Rim,high_loss,1000,0.027586495,9.570008048,0.013562640,0.000248186,7.4300,NaN,15.859459,36.117233,PARAMETRIC_NOT_CAD_RELEASED,NOT_RUN
IST308,substrate_only_lower_proxy,0.1,1,Rim,high_loss,1000,0.027586495,19.259641196,0.001872000,0.000139605,5.1400,NaN,16.376008,32.360258,PARAMETRIC_NOT_CAD_RELEASED,NOT_RUN
IST308,envelope_proxy,0.1,1,Rim,high_loss,1000,0.027586495,19.259641196,0.004492800,0.000139605,5.8300,NaN,16.376008,33.849543,PARAMETRIC_NOT_CAD_RELEASED,NOT_RUN
IST161_GEOMETRY_ONLY,substrate_only_lower_proxy,0.1,1,Rim,high_loss,1000,0.027586495,24.074551495,0.001497600,0.000248186,5.2000,NaN,16.943553,33.191633,PARAMETRIC_NOT_CAD_RELEASED,NOT_RUN
IST161_GEOMETRY_ONLY,envelope_proxy,0.1,1,Rim,high_loss,1000,0.027586495,24.074551495,0.003594240,0.000248186,5.7900,NaN,16.943553,34.447567,PARAMETRIC_NOT_CAD_RELEASED,NOT_RUN
M222,half_envelope_assumption,0.15,1,Rim,high_loss,1000,0.027586495,14.355012071,0.006781320,0.000248186,6.1400,NaN,15.978913,33.800728,PARAMETRIC_NOT_CAD_RELEASED,NOT_RUN
M222,envelope_proxy,0.15,1,Rim,high_loss,1000,0.027586495,14.355012071,0.013562640,0.000248186,7.7200,NaN,15.978913,36.878947,PARAMETRIC_NOT_CAD_RELEASED,NOT_RUN
IST308,substrate_only_lower_proxy,0.15,1,Rim,high_loss,1000,0.027586495,28.889461794,0.001872000,0.000139605,5.3600,NaN,16.530916,33.057446,PARAMETRIC_NOT_CAD_RELEASED,NOT_RUN
IST308,envelope_proxy,0.15,1,Rim,high_loss,1000,0.027586495,28.889461794,0.004492800,0.000139605,6.1100,NaN,16.530916,34.635949,PARAMETRIC_NOT_CAD_RELEASED,NOT_RUN
IST161_GEOMETRY_ONLY,substrate_only_lower_proxy,0.15,1,Rim,high_loss,1000,0.027586495,36.111827242,0.001497600,0.000248186,5.4400,NaN,17.153330,33.987256,PARAMETRIC_NOT_CAD_RELEASED,NOT_RUN
IST161_GEOMETRY_ONLY,envelope_proxy,0.15,1,Rim,high_loss,1000,0.027586495,36.111827242,0.003594240,0.000248186,6.0700,NaN,17.153330,35.322830,PARAMETRIC_NOT_CAD_RELEASED,NOT_RUN
M222,half_envelope_assumption,0.075,1,Rim,high_loss,2000,0.051217230,7.177506036,0.006781320,0.000248186,4.1900,8.2800,10.646514,23.363046,PARAMETRIC_NOT_CAD_RELEASED,NOT_RUN
M222,envelope_proxy,0.075,1,Rim,high_loss,2000,0.051217230,7.177506036,0.013562640,0.000248186,5.4600,10.0500,10.646514,25.948361,PARAMETRIC_NOT_CAD_RELEASED,NOT_RUN
IST308,substrate_only_lower_proxy,0.075,1,Rim,high_loss,2000,0.051217230,14.444730897,0.001872000,0.000139605,3.5700,8.4900,11.175275,22.822492,PARAMETRIC_NOT_CAD_RELEASED,NOT_RUN
IST308,envelope_proxy,0.075,1,Rim,high_loss,2000,0.051217230,14.444730897,0.004492800,0.000139605,4.1800,9.2000,11.175275,24.171547,PARAMETRIC_NOT_CAD_RELEASED,NOT_RUN
IST161_GEOMETRY_ONLY,substrate_only_lower_proxy,0.075,1,Rim,high_loss,2000,0.051217230,18.055913621,0.001497600,0.000248186,3.6500,10.0400,11.731004,23.658763,PARAMETRIC_NOT_CAD_RELEASED,NOT_RUN
IST161_GEOMETRY_ONLY,envelope_proxy,0.075,1,Rim,high_loss,2000,0.051217230,18.055913621,0.003594240,0.000248186,4.1700,10.6100,11.731004,24.802331,PARAMETRIC_NOT_CAD_RELEASED,NOT_RUN
M222,half_envelope_assumption,0.1,1,Rim,high_loss,2000,0.051217230,9.570008048,0.006781320,0.000248186,4.3000,8.5100,10.714158,23.681601,PARAMETRIC_NOT_CAD_RELEASED,NOT_RUN
M222,envelope_proxy,0.1,1,Rim,high_loss,2000,0.051217230,9.570008048,0.013562640,0.000248186,5.6100,10.3500,10.714158,26.342461,PARAMETRIC_NOT_CAD_RELEASED,NOT_RUN
IST308,substrate_only_lower_proxy,0.1,1,Rim,high_loss,2000,0.051217230,19.259641196,0.001872000,0.000139605,3.6700,8.7900,11.260679,23.170219,PARAMETRIC_NOT_CAD_RELEASED,NOT_RUN
IST308,envelope_proxy,0.1,1,Rim,high_loss,2000,0.051217230,19.259641196,0.004492800,0.000139605,4.3100,9.5400,11.260679,24.568539,PARAMETRIC_NOT_CAD_RELEASED,NOT_RUN
IST161_GEOMETRY_ONLY,substrate_only_lower_proxy,0.1,1,Rim,high_loss,2000,0.051217230,24.074551495,0.001497600,0.000248186,3.7700,10.6100,11.847254,24.062180,PARAMETRIC_NOT_CAD_RELEASED,NOT_RUN
IST161_GEOMETRY_ONLY,envelope_proxy,0.1,1,Rim,high_loss,2000,0.051217230,24.074551495,0.003594240,0.000248186,4.3000,11.2000,11.847254,25.250154,PARAMETRIC_NOT_CAD_RELEASED,NOT_RUN
M222,half_envelope_assumption,0.15,1,Rim,high_loss,2000,0.051217230,14.355012071,0.006781320,0.000248186,4.5100,8.9700,10.838972,24.300599,PARAMETRIC_NOT_CAD_RELEASED,NOT_RUN
M222,envelope_proxy,0.15,1,Rim,high_loss,2000,0.051217230,14.355012071,0.013562640,0.000248186,5.8900,10.9400,10.838972,27.103843,PARAMETRIC_NOT_CAD_RELEASED,NOT_RUN
IST308,substrate_only_lower_proxy,0.15,1,Rim,high_loss,2000,0.051217230,28.889461794,0.001872000,0.000139605,3.8900,9.4100,11.422347,23.862824,PARAMETRIC_NOT_CAD_RELEASED,NOT_RUN
IST308,envelope_proxy,0.15,1,Rim,high_loss,2000,0.051217230,28.889461794,0.004492800,0.000139605,4.5800,10.2300,11.422347,25.355164,PARAMETRIC_NOT_CAD_RELEASED,NOT_RUN
IST161_GEOMETRY_ONLY,substrate_only_lower_proxy,0.15,1,Rim,high_loss,2000,0.051217230,36.111827242,0.001497600,0.000248186,4.0000,11.9000,12.066275,24.859927,PARAMETRIC_NOT_CAD_RELEASED,NOT_RUN
IST161_GEOMETRY_ONLY,envelope_proxy,0.15,1,Rim,high_loss,2000,0.051217230,36.111827242,0.003594240,0.000248186,4.5700,12.5400,12.066275,26.131933,PARAMETRIC_NOT_CAD_RELEASED,NOT_RUN
M222,half_envelope_assumption,0.075,1,Rim,high_loss,4000,0.089588009,7.177506036,0.006781320,0.000248186,3.3900,4.8900,7.901799,18.154505,PARAMETRIC_NOT_CAD_RELEASED,NOT_RUN
M222,envelope_proxy,0.075,1,Rim,high_loss,4000,0.089588009,7.177506036,0.013562640,0.000248186,4.5500,6.3500,7.901799,20.565334,PARAMETRIC_NOT_CAD_RELEASED,NOT_RUN
IST308,substrate_only_lower_proxy,0.075,1,Rim,high_loss,4000,0.089588009,14.444730897,0.001872000,0.000139605,2.8400,4.5000,8.446755,17.792379,PARAMETRIC_NOT_CAD_RELEASED,NOT_RUN
IST308,envelope_proxy,0.075,1,Rim,high_loss,4000,0.089588009,14.444730897,0.004492800,0.000139605,3.4300,5.1700,8.446755,19.083487,PARAMETRIC_NOT_CAD_RELEASED,NOT_RUN
IST161_GEOMETRY_ONLY,substrate_only_lower_proxy,0.075,1,Rim,high_loss,4000,0.089588009,18.055913621,0.001497600,0.000248186,2.9500,4.8400,9.011656,18.660023,PARAMETRIC_NOT_CAD_RELEASED,NOT_RUN
IST161_GEOMETRY_ONLY,envelope_proxy,0.075,1,Rim,high_loss,4000,0.089588009,18.055913621,0.003594240,0.000248186,3.4300,5.4200,9.011656,19.759748,PARAMETRIC_NOT_CAD_RELEASED,NOT_RUN
M222,half_envelope_assumption,0.1,1,Rim,high_loss,4000,0.089588009,9.570008048,0.006781320,0.000248186,3.4900,5.0400,7.971016,18.470322,PARAMETRIC_NOT_CAD_RELEASED,NOT_RUN
M222,envelope_proxy,0.1,1,Rim,high_loss,4000,0.089588009,9.570008048,0.013562640,0.000248186,4.6900,6.5600,7.971016,20.958909,PARAMETRIC_NOT_CAD_RELEASED,NOT_RUN
IST308,substrate_only_lower_proxy,0.1,1,Rim,high_loss,4000,0.089588009,19.259641196,0.001872000,0.000139605,2.9500,4.6500,8.534086,18.138065,PARAMETRIC_NOT_CAD_RELEASED,NOT_RUN
IST308,envelope_proxy,0.1,1,Rim,high_loss,4000,0.089588009,19.259641196,0.004492800,0.000139605,3.5600,5.3600,8.534086,19.479801,PARAMETRIC_NOT_CAD_RELEASED,NOT_RUN
IST161_GEOMETRY_ONLY,substrate_only_lower_proxy,0.1,1,Rim,high_loss,4000,0.089588009,24.074551495,0.001497600,0.000248186,3.0600,5.0300,9.130556,19.063358,PARAMETRIC_NOT_CAD_RELEASED,NOT_RUN
IST161_GEOMETRY_ONLY,envelope_proxy,0.1,1,Rim,high_loss,4000,0.089588009,24.074551495,0.003594240,0.000248186,3.5700,5.6400,9.130556,20.208752,PARAMETRIC_NOT_CAD_RELEASED,NOT_RUN
M222,half_envelope_assumption,0.15,1,Rim,high_loss,4000,0.089588009,14.355012071,0.006781320,0.000248186,3.6900,5.3400,8.098722,19.083237,PARAMETRIC_NOT_CAD_RELEASED,NOT_RUN
M222,envelope_proxy,0.15,1,Rim,high_loss,4000,0.089588009,14.355012071,0.013562640,0.000248186,4.9600,6.9600,8.098722,21.718360,PARAMETRIC_NOT_CAD_RELEASED,NOT_RUN
IST308,substrate_only_lower_proxy,0.15,1,Rim,high_loss,4000,0.089588009,28.889461794,0.001872000,0.000139605,3.1600,4.9700,8.699395,18.826457,PARAMETRIC_NOT_CAD_RELEASED,NOT_RUN
IST308,envelope_proxy,0.15,1,Rim,high_loss,4000,0.089588009,28.889461794,0.004492800,0.000139605,3.8200,5.7500,8.699395,20.264814,PARAMETRIC_NOT_CAD_RELEASED,NOT_RUN
IST161_GEOMETRY_ONLY,substrate_only_lower_proxy,0.15,1,Rim,high_loss,4000,0.089588009,36.111827242,0.001497600,0.000248186,3.2800,5.4100,9.354562,19.860620,PARAMETRIC_NOT_CAD_RELEASED,NOT_RUN
IST161_GEOMETRY_ONLY,envelope_proxy,0.15,1,Rim,high_loss,4000,0.089588009,36.111827242,0.003594240,0.000248186,3.8300,6.0900,9.354562,21.092433,PARAMETRIC_NOT_CAD_RELEASED,NOT_RUN
